Maps/kanto_cities.png
853,853,853,853,853,853,853,853,853,853,853,853,853,853,853,853,853,853,853,853,853,853,853,853,853,
853,853,853,853,853,853,853,853,853,853,853,853,853,853,853,853,853,853,853,853,853,853,853,853,853,
853,853,853,853,853,853,853,853,853,853,853,853,853,853,853,853,853,853,853,853,853,853,853,853,853,
853,853,853,853,853,853,853,853,853,853,853,853,853,853,853,853,853,853,853,853,853,853,853,853,853,
853,853,853,853,853,853,853,853,853,853,853,853,853,853,853,853,853,853,853,853,853,853,853,853,853,
853,853,853,853,853,853,853,853,911,912,853,853,853,853,853,853,853,853,853,853,853,853,853,853,853,
853,853,853,853,853,853,853,853,853,853,853,853,853,853,853,853,853,853,853,853,853,853,853,853,853,
853,853,853,853,853,853,853,853,853,853,853,853,853,853,853,853,853,853,853,853,853,853,853,853,853,
853,853,853,853,853,853,853,853,853,853,853,853,853,853,853,853,853,853,853,853,853,853,853,853,853,
853,853,853,853,853,853,853,853,853,853,853,853,853,853,853,853,853,853,853,853,853,853,853,853,853,
853,853,853,853,853,853,853,853,853,853,853,853,853,853,853,853,853,853,853,853,853,853,853,853,853,
853,853,853,853,853,853,853,853,853,853,853,853,853,853,853,853,853,853,853,853,853,853,853,853,853,
853,853,853,853,853,853,853,853,853,853,853,853,853,853,853,853,853,853,853,853,853,853,853,853,853,
853,853,853,853,853,853,853,853,853,853,853,853,853,853,853,853,853,853,853,853,853,853,853,853,853,
853,853,911,912,911,912,853,853,853,853,853,911,912,911,912,911,912,853,853,853,853,853,853,853,853,
853,853,853,853,853,853,853,853,853,853,853,853,853,853,853,853,853,853,853,853,853,853,853,853,853,
853,853,853,853,853,853,853,853,853,853,853,853,853,853,853,853,853,853,853,853,853,853,853,853,853,
853,853,853,853,853,853,853,853,853,853,853,853,853,853,853,853,853,853,853,853,853,853,853,853,853,
853,853,853,853,853,853,853,853,853,853,853,853,853,853,853,853,853,853,853,853,853,853,853,853,853,
853,853,853,853,853,853,853,853,853,853,853,853,853,853,853,853,853,853,853,853,853,853,853,853,853,
853,853,853,853,853,853,853,853,853,853,853,853,853,853,853,853,853,853,853,853,853,853,853,853,853,
853,853,853,853,853,853,853,853,853,853,853,853,853,853,853,853,853,853,853,853,853,853,853,853,853,
853,853,853,853,853,853,853,853,853,853,853,853,853,853,853,853,853,853,853,853,853,853,853,853,853,
853,853,853,853,853,853,853,853,853,853,853,853,853,853,853,853,853,853,853,853,853,853,853,853,853,
853,853,853,853,853,853,853,853,853,853,853,853,853,853,853,853,853,853,853,853,853,853,853,853,853,
853,853,911,912,911,912,911,912,911,912,911,912,853,853,853,853,853,853,853,853,853,853,853,853,853,
853,853,853,853,853,853,853,853,853,853,853,853,853,853,853,853,853,853,853,853,853,853,853,853,853,
853,853,853,853,853,853,853,853,853,853,853,853,853,853,853,853,853,853,853,853,853,853,853,853,853,
853,853,853,853,853,853,853,853,853,853,853,853,853,853,853,853,853,853,853,853,853,853,853,853,853,
853,853,853,853,853,853,853,853,853,853,853,853,853,853,853,853,853,853,853,853,853,853,853,853,853,
853,853,853,853,853,853,853,853,853,853,853,853,853,853,853,853,853,853,853,853,853,853,853,853,853,
853,853,853,853,853,853,853,853,853,853,853,853,853,853,853,853,853,853,853,853,853,853,853,853,853,
853,853,853,853,853,853,853,853,853,853,853,853,853,853,853,853,853,853,853,853,853,853,853,853,853,
853,853,853,853,853,853,853,853,853,853,853,853,853,853,853,853,853,853,853,853,853,853,853,853,853,
853,853,853,853,853,853,853,853,853,853,853,853,853,853,853,853,853,853,853,853,853,853,853,853,853,
853,853,853,853,853,853,853,853,853,853,853,853,853,853,853,853,853,853,853,853,853,853,853,853,853,
853,853,853,853,853,853,853,853,853,853,853,853,853,853,853,853,853,853,853,853,853,853,853,853,853,
853,853,853,853,853,853,853,853,853,853,853,853,853,853,853,853,853,853,853,853,853,853,853,853,853,
853,853,853,853,853,853,853,853,853,853,853,853,853,853,853,853,853,853,853,853,853,853,853,853,853,
853,853,911,912,911,912,911,912,911,912,911,912,853,853,911,912,911,912,911,912,911,912,911,912,853,
853,853,853,853,853,853,853,853,853,853,853,853,853,853,853,853,853,853,853,853,853,853,853,853,853,
853,853,853,853,853,853,853,853,853,853,853,853,853,853,853,853,853,853,853,853,853,853,853,853,853